%YAML:1.0
---
R1: !!opencv-matrix
   rows: 3
   cols: 3
   dt: d
   data: [ 0.99998834779497214, -0.00083169118979592135,
       -0.0047552669795575429, 0.00076671815787861101,
       0.99990655522551364, -0.013648917917294865, 0.0047661743094890765,
       0.013645112927766094, 0.9998955417820603 ]
R2: !!opencv-matrix
   rows: 3
   cols: 3
   dt: d
   data: [ 0.99984518625677965, 0.0047211710106654882,
       -0.016950341100812016, -0.0044894001223468264,
       0.99989626896394956, 0.013685634750146971, 0.01701319504641317,
       -0.013607419162391146, 0.999762666505432 ]
P1: !!opencv-matrix
   rows: 3
   cols: 4
   dt: d
   data: [ 2709.1071654486886, 0., 1668.3595275878906, 0., 0.,
       2709.1071654486886, 1241.2436828613281, 0., 0., 0., 1., 0. ]
P2: !!opencv-matrix
   rows: 3
   cols: 4
   dt: d
   data: [ 2709.1071654486886, 0., 1725.3539123535156,
       -154750.06927378796, 0., 2709.1071654486886, 1241.2436828613281,
       0., 0., 0., 1., 0. ]
Q: !!opencv-matrix
   rows: 4
   cols: 4
   dt: d
   data: [ 1., 0., 0., -1668.3595275878906, 0., 1., 0.,
       -1241.2436828613281, 0., 0., 0., 2709.1071654486886, 0., 0.,
       0.017506338951329733, 0.99776301802953482 ]
