%YAML:1.0
---
M1: !!opencv-matrix
   rows: 3
   cols: 3
   dt: d
   data: [ 2511.1165845863547, 0., 1656.5876018456515, 0.,
       2511.1165845863547, 1225.0770548020009, 0., 0., 1. ]
D1: !!opencv-matrix
   rows: 14
   cols: 1
   dt: d
   data: [ 0.15118023351416401, -0.42735189897239056, 0., 0., 0., 0., 0.,
       -0.52025535700715353, 0., 0., 0., 0., 0., 0. ]
M2: !!opencv-matrix
   rows: 3
   cols: 3
   dt: d
   data: [ 2511.1165845863547, 0., 1658.5991406224903, 0.,
       2511.1165845863547, 1255.1120889102701, 0., 0., 1. ]
D2: !!opencv-matrix
   rows: 14
   cols: 1
   dt: d
   data: [ 0.11510408647025001, -0.17760512749351545, 0., 0., 0., 0., 0.,
       0.030378927088902972, 0., 0., 0., 0., 0., 0. ]
R: !!opencv-matrix
   rows: 3
   cols: 3
   dt: d
   data: [ 0.99991118160423376, -0.0050883960762642634,
       0.012318162533269127, 0.0054228992923926545, 0.99961323255512524,
       -0.027275950285146181, -0.012174607430613278,
       0.027340327833884095, 0.99955204237090445 ]
T: !!opencv-matrix
   rows: 3
   cols: 1
   dt: d
   data: [ -57.113322724785583, -0.26968351428536091,
       0.96824019847527776 ]
E: !!opencv-matrix
   rows: 3
   cols: 3
   dt: d
   data: [ -0.0019673781702452503, -0.97523895037964414,
       -0.24315303598000376, 0.27282191770194408, 1.5565701773512572,
       57.099665316284081, -0.040060235962175561, -57.09260540742293,
       1.5611421566222714 ]
F: !!opencv-matrix
   rows: 3
   cols: 3
   dt: d
   data: [ -2.5654144721001799e-10, -1.2716884607639244e-07,
       7.6597701960011275e-05, 3.5575330994520645e-08,
       2.0297305928319147e-07, 0.018389331352964493,
       -5.734299832992301e-05, -0.018738442722201896, 1. ]
