camera_matrix:
- - 2503.9040133374738
  - 0.0
  - 1685.7606329015903
- - 0.0
  - 2517.2795996400932
  - 1343.1428198012084
- - 0.0
  - 0.0
  - 1.0
dist_coeffs:
- - 0.09385060328798843
  - -0.10021901009363014
  - 0.014358726079806868
  - 0.0024116617500210143
  - -0.04770259467864373
rotation_vectors:
- - - -0.00551747917409062
  - - -0.06717107047043971
  - - 0.5248101953504678
- - - 0.00415921241378424
  - - -0.06479669260088747
  - - 0.8538719839848098
- - - 0.018205847874417282
  - - -0.05304590012601869
  - - 1.2213252908775474
- - - -0.027024317700132583
  - - -0.06498189754846083
  - - 0.7728537887491673
- - - -0.015166356018519364
  - - -0.06402229725406992
  - - 0.5170630412030606
- - - 0.025462137111359674
  - - -0.05852829214309447
  - - 1.1554747595174193
- - - 0.019561341243107985
  - - -0.024290726097626225
  - - 1.150213341803501
- - - 0.0052645683899165
  - - -0.035068733970171545
  - - 1.3710913913531526
- - - 0.023720848261226897
  - - -0.03602071856502191
  - - 1.3395341215099004
- - - 0.02055962962018957
  - - -0.04090558072801994
  - - 1.382238870176723
- - - 0.013286049074154907
  - - -0.03520744310269207
  - - 0.9586096311683895
- - - -0.016851699305076753
  - - -0.011235957217220127
  - - 0.635764247837934
- - - -0.006551745450522779
  - - -0.029861438432094208
  - - 0.7459342050720036
- - - 0.022660641177722558
  - - -0.047725808429036155
  - - 1.3262757628981454
- - - 0.024569925722917788
  - - -0.04592246595926652
  - - 1.1361477621869056
- - - 0.021988785322739478
  - - -0.04823189658373434
  - - 1.0474132900428332
- - - 0.024793752087456846
  - - -0.042843735938963116
  - - 1.0334074340263777
- - - 0.0223532150100469
  - - -0.04578031656770292
  - - 0.9463811917780989
- - - 0.015640025904338932
  - - -0.036223531364735606
  - - 0.9744451894355591
- - - 0.02233864184502052
  - - -0.03613996590355781
  - - 1.4658455075804064
- - - 0.12950221824951338
  - - -0.041090135989982825
  - - 1.0391671348307168
- - - -0.06146345702296111
  - - -0.26812132121595744
  - - 0.8976076618435254
- - - -0.17510877364605434
  - - 0.03701708593767436
  - - 0.9054963573395927
- - - 0.3510282958208268
  - - 0.033900510068583044
  - - 1.1704545217311628
- - - 0.4639333265357997
  - - 0.1768467514771977
  - - 1.1099177829502216
- - - -0.02665110721292396
  - - 0.23519179277086574
  - - 1.1549823597353852
- - - -0.09477254000481838
  - - -0.21330893893945177
  - - 1.1235376300412336
- - - -0.3064092074975281
  - - -0.3309474862917431
  - - 1.267439098996594
- - - 0.14893651993532508
  - - -0.13795907656424802
  - - 0.9462953971925208
- - - 0.4462317493355647
  - - -0.10115933262308668
  - - 0.8894929574310506
- - - -0.11752054469109367
  - - 0.12291694408847197
  - - 1.1667796716556493
- - - 0.3590053816960244
  - - 0.4274740559078854
  - - 1.3184347260902096
- - - 0.014500096314621347
  - - -0.43448524750474904
  - - -0.10574788906881487
- - - -0.36966704877314793
  - - 0.36505279099194593
  - - 1.4176490509098918
- - - 0.29242686707779053
  - - -0.2421960079480525
  - - 1.4690263044054175
- - - 0.3508340235142699
  - - -0.19979939781634787
  - - 1.4579167870995244
- - - 0.07128249371065833
  - - -0.34265323198876213
  - - 1.5112106230296403
- - - -0.3039011134169504
  - - -0.08170706891685023
  - - -0.02294473340471397
- - - -0.16061110351731364
  - - -0.5935790626044375
  - - -0.15860851146117735
- - - -0.11775597674210737
  - - -0.12690481207370244
  - - 1.3465163607270816
translation_vectors:
- - - -74.20279033901554
  - - -166.2939564350181
  - - 649.2210192084025
- - - -44.062083338783346
  - - -148.717966890526
  - - 650.018844870735
- - - 1.1419518315646808
  - - -163.5741478097215
  - - 650.2408138547254
- - - -16.470711369660613
  - - -134.34078839167722
  - - 650.7102752004159
- - - -61.61109916243716
  - - -157.36597603334837
  - - 649.4490677005797
- - - -17.817909877000204
  - - -209.66298540659022
  - - 649.4207763029303
- - - -153.07234404901882
  - - -177.88313492471696
  - - 646.4422144151342
- - - -164.05247447321244
  - - -220.01584807656874
  - - 645.9539113881971
- - - -79.30671911075652
  - - -256.72552676853326
  - - 647.8600916286712
- - - 30.29665656029673
  - - -268.3359390406972
  - - 650.070028587664
- - - 131.05654908942452
  - - -295.17161187832016
  - - 647.9433470545614
- - - 139.96828449172466
  - - -184.79800109267575
  - - 650.1289219440401
- - - 72.2632155609483
  - - -203.66610775231723
  - - 649.4012115234924
- - - 24.4176267151521
  - - -241.04738713788868
  - - 649.9802237691224
- - - -84.83956296569673
  - - -212.1427577566563
  - - 648.407098842303
- - - -92.82886431301738
  - - -333.52440298264224
  - - 647.1809843761215
- - - -16.529290159684653
  - - -329.2139177878024
  - - 648.1225208084933
- - - -199.53294297689166
  - - -294.6276547818078
  - - 646.7469418986922
- - - 115.0862622258928
  - - -333.59379280071846
  - - 647.3742172495989
- - - 28.13123025783411
  - - -275.5450511337941
  - - 650.1060262912068
- - - 25.025985544784724
  - - -241.37441329833698
  - - 561.477351103718
- - - -40.62607757519564
  - - -226.71330209327255
  - - 578.10764139185
- - - -30.634038862790042
  - - -207.20343530008898
  - - 605.5296046833217
- - - 52.100758249689875
  - - -192.98378186204226
  - - 544.0761941795046
- - - 147.10735381744533
  - - -209.86632514634894
  - - 534.5679491719861
- - - 42.48110541855861
  - - -171.13272803895035
  - - 559.5517252611097
- - - -57.602752289664664
  - - -172.96209410547715
  - - 577.9256179091259
- - - -106.90510823925314
  - - -166.53436736064373
  - - 548.6184179071406
- - - 1.8005153966234662
  - - -275.95635253887673
  - - 550.5544954809492
- - - 41.08173488559378
  - - -219.52720370705595
  - - 502.29422599880974
- - - -3.6550502923947508
  - - -148.6354207366675
  - - 541.3131271384992
- - - 120.09131383851634
  - - -150.66715089194287
  - - 451.08788416905844
- - - -131.16333584355962
  - - -130.24496450578567
  - - 469.6620701016262
- - - 46.87578737645307
  - - -106.19072533763233
  - - 376.4736983009075
- - - 62.565247047355825
  - - -163.9636156438684
  - - 369.6759816507556
- - - 129.63581185666848
  - - -150.55813879313587
  - - 305.5973674691641
- - - 76.93497286286002
  - - -116.32906947494561
  - - 345.74923032634865
- - - -30.72000441560944
  - - -86.1431842239488
  - - 324.3877400553421
- - - -64.2872326231485
  - - -89.7323407821519
  - - 291.1593411469566
- - - 81.37959780977619
  - - -128.30421002787008
  - - 298.68917205568096
