camera_matrix:
- - 2507.6441206161667
  - 0.0
  - 1666.3918472195933
- - 0.0
  - 2510.315240444343
  - 1224.1456406876814
- - 0.0
  - 0.0
  - 1.0
dist_coeffs:
- - 0.10587873767702354
  - -0.10591135318471254
  - -0.0001733672307717287
  - 0.001686481523012327
  - -0.14941743302640914
rotation_vectors:
- - - -0.14953871953625175
  - - 0.08106176353507846
  - - 1.6129394777444879
- - - -0.25421548764485286
  - - -0.25629257519588633
  - - 1.3980450924216608
- - - -0.023009082700606406
  - - 0.20485742038470767
  - - 1.4375120187845098
- - - 0.10620814246681343
  - - 0.12425448409143514
  - - 1.7046317679875687
- - - 0.008217183900248233
  - - 0.14376645378303224
  - - 1.611125194656116
- - - 0.15118855322063227
  - - 0.45333221337353546
  - - 1.5679789130868118
- - - -0.06606709204162005
  - - 0.08080249167805675
  - - 3.080441618647545
- - - -0.3700915338640188
  - - -0.7012895494191409
  - - 2.89875819281724
- - - -0.32127271270246205
  - - 0.3770485984346488
  - - -3.0466790331268356
- - - -0.07952654793908329
  - - 0.6448984097718562
  - - 2.971077571814206
- - - 0.6616411055199306
  - - 0.045492088404527294
  - - 3.0260279098739975
- - - -0.12351184296299864
  - - 0.45312352872909867
  - - 2.873989572819237
- - - 0.036492357496564855
  - - -0.8551371797401259
  - - 2.9377738812893583
- - - 0.5284269718500603
  - - -0.3630307291873302
  - - 2.958027977280835
translation_vectors:
- - - 2.366894896508458
  - - -1.6812230240378498
  - - 18.67517322846482
- - - 0.37292440927822684
  - - -3.129293716770645
  - - 21.47154124151212
- - - -1.7541156342263096
  - - -7.708149723421871
  - - 22.129671168885686
- - - 9.391172434963623
  - - -7.735646572802856
  - - 21.73361997636687
- - - 8.098052263895234
  - - -0.6205362964361789
  - - 21.07249615600058
- - - 7.604207068904874
  - - -1.5005272913348093
  - - 20.337148683212707
- - - 6.997413170407349
  - - 6.481677193253874
  - - 20.098425265420083
- - - 4.791489663745039
  - - 1.9313245849742815
  - - 16.1309082775483
- - - 5.4693200043927215
  - - 1.2152292897607468
  - - 14.625629805310602
- - - 4.667509335417224
  - - 2.590869996805689
  - - 12.434524331519382
- - - 5.581664971006767
  - - 1.183211442992505
  - - 19.50434842644794
- - - 3.9027019604883564
  - - 4.000869328413891
  - - 20.931166669830972
- - - 4.6970972740849675
  - - -2.4211808777501487
  - - 22.84609143462932
- - - 8.580323888869959
  - - 0.46821842049636997
  - - 20.202732544491575
