camera_matrix:
- - 2544.6325139012183
  - 0.0
  - 1668.7288392706207
- - 0.0
  - 2544.1505462184487
  - 1235.8605072183348
- - 0.0
  - 0.0
  - 1.0
dist_coeffs:
- - 0.12080258569527837
  - -0.20045210974482797
  - -0.0013877148629979652
  - 0.0001263174674775458
  - 0.02368829297682813
rotation_vectors:
- - - 0.3487512470468493
  - - 0.01278770668818502
  - - 0.03208764779208614
- - - 0.021120244806740737
  - - 0.26397762124707924
  - - -0.03707114620759342
- - - 0.06593104458260927
  - - -0.21127901400703422
  - - 0.004225819273764787
- - - 0.08091625251977758
  - - -0.1536784465090403
  - - 0.05108233761457158
- - - 0.06064530730070101
  - - 0.006107976576837331
  - - -0.0029234431098481505
- - - 0.2915916222128571
  - - -0.01640198595872883
  - - -0.00791965529462641
- - - -0.21624823365305096
  - - 0.00046655701936137056
  - - 0.025363834983122804
translation_vectors:
- - - -193.5408387434741
  - - -120.83396053112597
  - - 336.1202316711467
- - - -135.56412160588204
  - - -83.45952560979666
  - - 421.6529532018723
- - - -151.34636679275553
  - - -93.50508511421683
  - - 351.6754029096397
- - - -161.11249703440214
  - - -156.0948186227707
  - - 364.3085770050621
- - - -157.4568541437679
  - - -119.88388155971218
  - - 319.4146388978728
- - - -160.45122904536538
  - - -117.9784008029292
  - - 310.15624895180486
- - - -165.8901337535877
  - - -131.34356060560995
  - - 354.8743042452167
